200
0 London
1 Paris
2 Berlin
3 Rome
4 Madrid
5 Moscow
6 Beijing
7 Tokyo
8 NewDelhi
9 Cairo
10 Lagos
11 Johannesburg
12 Sydney
13 NewYork
14 LosAngeles
15 MexicoCity
16 BuenosAires
17 SaoPaulo
18 Rio
19 Lima
20 Bogota
21 Caracas
22 Toronto
23 Montreal
24 Vancouver
25 Chicago
26 Houston
27 Miami
28 Washington
29 Boston
30 Seattle
31 SanFrancisco
32 Denver
33 Phoenix
34 LasVegas
35 Atlanta
36 Dallas
37 Philadelphia
38 Detroit
39 Minneapolis
40 StLouis
41 KansasCity
42 NewOrleans
43 Nashville
44 Indianapolis
45 Columbus
46 Cleveland
47 Pittsburgh
48 Buffalo
49 Ottawa
50 Quebec
51 Calgary
52 Edmonton
53 Winnipeg
54 Regina
55 Saskatoon
56 Halifax
57 StJohns
58 Anchorage
59 Honolulu
60 Reykjavik
61 Oslo
62 Stockholm
63 Helsinki
64 Copenhagen
65 Amsterdam
66 Brussels
67 Dublin
68 Edinburgh
69 Vienna
70 Prague
71 Warsaw
72 Budapest
73 Bucharest
74 Sofia
75 Belgrade
76 Athens
77 Istanbul
78 Ankara
79 Jerusalem
80 Damascus
81 Baghdad
82 Tehran
83 Riyadh
84 Dubai
85 Kuwait
86 Doha
87 Muscat
88 Kabul
89 Islamabad
90 Karachi
91 Mumbai
92 Chennai
93 Kolkata
94 Dhaka
95 Yangon
96 Bangkok
97 KualaLumpur
98 Singapore
99 Jakarta
100 Manila
101 HoChiMinh
102 Hanoi
103 HongKong
104 Shanghai
105 Taipei
106 Seoul
107 Pyongyang
108 Ulaanbaatar
109 Almaty
110 Tashkent
111 Bishkek
112 Dushanbe
113 Ashgabat
114 Baku
115 Yerevan
116 Tbilisi
117 Astana
118 Novosibirsk
119 Yekaterinburg
120 Kazan
121 SaintPetersburg
122 Minsk
123 Kiev
124 Chisinau
125 Vilnius
126 Riga
127 Tallinn
128 Zagreb
129 Ljubljana
130 Bratislava
131 Sarajevo
132 Podgorica
133 Tirana
134 Skopje
135 Pristina
136 Lisbon
137 Porto
138 Seville
139 Valencia
140 Barcelona
141 Marseille
142 Lyon
143 Bordeaux
144 Toulouse
145 Nice
146 Geneva
147 Zurich
148 Milan
149 Venice
150 Florence
151 Naples
152 Palermo
153 Malta
154 Tunis
155 Algiers
156 Rabat
157 Casablanca
158 Dakar
159 Bamako
160 Ouagadougou
161 Niamey
162 Ndjamena
163 Khartoum
164 AddisAbaba
165 Mogadishu
166 Nairobi
167 Kampala
168 Kigali
169 Dodoma
170 Lusaka
171 Harare
172 Gaborone
173 Windhoek
174 CapeTown
175 Durban
176 Pretoria
177 Maputo
178 Antananarivo
179 Perth
180 Adelaide
181 Melbourne
182 Brisbane
183 Darwin
184 Auckland
185 Wellington
186 Christchurch
187 Suva
188 PortMoresby
189 Vladivostok
190 Magadan
191 Petropavlovsk
192 Anadyr
193 Fairbanks
194 Yellowknife
195 Whitehorse
196 Iqaluit
197 Nuuk
198 Longyearbyen
199 Svalbard
500
0 1 2.0
0 67 3.0
0 65 2.5
1 2 3.0
1 140 4.0
1 142 1.5
2 64 2.5
2 70 2.0
2 71 3.0
3 148 2.5
3 150 1.5
3 151 1.0
4 136 2.5
4 138 2.0
4 140 3.0
5 121 3.5
5 119 5.0
5 123 4.0
6 104 3.0
6 106 4.5
6 108 3.5
7 105 3.0
7 106 2.5
7 12 8.0
8 89 3.0
8 91 2.5
8 93 3.0
9 77 3.5
9 79 2.5
9 163 4.0
10 160 5.0
10 162 6.0
10 11 8.0
11 172 3.0
11 174 2.0
11 176 1.5
12 181 3.0
12 184 3.5
12 182 2.0
13 28 1.5
13 29 1.0
13 37 0.8
14 31 2.0
14 34 1.5
14 33 2.0
15 27 5.0
15 20 4.0
15 36 3.5
16 17 3.0
16 19 4.5
17 18 1.0
17 16 3.0
18 17 1.0
19 20 3.5
19 16 4.5
20 21 2.5
20 15 4.0
20 19 3.5
21 20 2.5
22 23 2.0
22 38 3.0
22 49 1.5
23 22 2.0
23 50 1.5
24 30 2.5
24 51 3.0
25 38 2.0
25 40 1.5
25 44 1.0
26 36 1.5
26 42 2.0
26 15 4.5
27 35 3.0
27 15 5.0
28 37 1.0
28 13 1.5
28 35 2.5
29 13 1.0
29 22 4.0
30 24 2.5
30 31 3.0
30 58 5.0
31 14 2.0
31 30 3.0
32 41 3.0
32 34 3.5
33 14 2.0
33 36 4.0
34 14 1.5
34 31 2.5
34 32 3.5
35 28 2.5
35 43 2.0
35 27 3.0
36 26 1.5
36 33 4.0
36 41 3.5
37 28 1.0
37 13 0.8
37 47 1.5
38 22 3.0
38 25 2.0
38 46 1.5
39 53 3.5
39 25 2.5
40 25 1.5
40 41 1.0
40 43 2.0
41 32 3.0
41 40 1.0
41 36 3.5
42 26 2.0
42 35 3.5
43 40 2.0
43 35 2.0
43 44 1.5
44 25 1.0
44 45 1.0
44 43 1.5
45 44 1.0
45 46 1.0
45 47 1.5
46 38 1.5
46 45 1.0
46 47 1.0
47 37 1.5
47 46 1.0
47 45 1.5
48 22 2.5
48 29 3.0
49 22 1.5
49 50 2.0
49 53 5.0
50 23 1.5
50 49 2.0
51 24 3.0
51 52 1.5
51 54 2.0
52 51 1.5
52 55 1.0
52 194 5.0
53 49 5.0
53 39 3.5
53 54 1.5
54 53 1.5
54 51 2.0
54 55 1.0
55 52 1.0
55 54 1.0
56 57 3.0
56 22 4.5
57 56 3.0
57 197 5.0
58 30 5.0
58 193 2.5
58 195 3.0
59 14 6.0
60 197 4.0
60 61 5.0
60 198 6.0
61 62 2.0
61 64 3.0
61 60 5.0
62 63 2.0
62 61 2.0
62 127 2.5
63 62 2.0
63 121 2.5
63 127 1.0
64 2 2.5
64 61 3.0
64 65 2.0
65 0 2.5
65 64 2.0
65 66 1.0
66 65 1.0
66 1 1.5
67 0 3.0
67 68 2.0
68 67 2.0
69 70 1.5
69 72 1.0
69 147 3.0
70 2 2.0
70 69 1.5
70 71 1.5
71 2 3.0
71 70 1.5
71 122 2.5
72 69 1.0
72 75 2.5
72 73 2.0
73 72 2.0
73 74 1.5
73 124 2.0
74 73 1.5
74 75 1.0
74 76 2.0
75 72 2.5
75 74 1.0
75 131 2.0
76 74 2.0
76 77 3.0
77 76 3.0
77 78 2.0
77 9 3.5
78 77 2.0
78 82 4.5
79 9 2.5
79 80 1.0
79 83 4.0
80 79 1.0
80 81 2.0
81 80 2.0
81 82 3.0
81 85 2.5
82 78 4.5
82 81 3.0
82 88 3.5
83 79 4.0
83 84 1.5
83 86 1.0
84 83 1.5
84 87 1.0
84 90 3.5
85 81 2.5
85 86 0.5
86 83 1.0
86 85 0.5
86 87 1.0
87 84 1.0
87 86 1.0
88 82 3.5
88 89 1.5
88 110 3.0
89 8 3.0
89 88 1.5
89 90 1.0
90 89 1.0
90 91 2.5
90 84 3.5
91 8 2.5
91 90 2.5
91 92 3.0
92 91 3.0
92 93 2.5
93 8 3.0
93 92 2.5
93 94 2.0
94 93 2.0
94 95 3.0
95 94 3.0
95 96 2.5
96 95 2.5
96 97 3.0
96 101 2.0
97 96 3.0
97 98 1.5
97 99 3.5
98 97 1.5
98 99 2.0
99 97 3.5
99 98 2.0
99 12 4.5
100 101 3.5
100 105 3.0
100 7 4.0
101 96 2.0
101 100 3.5
101 102 1.5
102 101 1.5
102 103 2.5
102 6 5.0
103 102 2.5
103 104 3.0
103 6 4.0
104 6 3.0
104 103 3.0
104 105 2.5
105 100 3.0
105 104 2.5
105 7 3.0
106 6 4.5
106 7 2.5
106 107 1.0
107 106 1.0
107 6 4.0
108 6 3.5
108 118 5.0
108 109 4.5
109 108 4.5
109 110 2.5
109 117 3.0
110 88 3.0
110 109 2.5
110 111 1.0
111 110 1.0
111 112 1.5
112 111 1.5
112 113 2.0
113 112 2.0
113 114 3.0
114 113 3.0
114 115 2.0
114 116 1.5
115 114 2.0
115 116 1.0
116 114 1.5
116 115 1.0
117 109 3.0
117 118 4.0
117 119 3.5
118 108 5.0
118 117 4.0
118 5 4.5
119 5 5.0
119 117 3.5
119 120 2.5
120 119 2.5
120 121 3.0
120 5 4.0
121 5 3.5
121 120 3.0
121 63 2.5
121 122 2.0
122 121 2.0
122 71 2.5
122 123 2.0
122 125 2.0
123 5 4.0
123 122 2.0
123 124 1.5
124 123 1.5
124 73 2.0
125 122 2.0
125 126 1.0
125 71 2.0
126 125 1.0
126 127 1.0
126 71 2.5
127 126 1.0
127 63 1.0
127 62 2.5
128 129 1.0
128 131 2.0
128 72 2.5
129 128 1.0
129 130 2.0
129 69 2.5
130 129 2.0
130 69 2.0
130 70 1.5
131 128 2.0
131 75 2.0
131 132 1.0
132 131 1.0
132 133 1.0
133 132 1.0
133 134 1.5
134 133 1.5
134 74 2.0
134 135 0.5
135 134 0.5
135 75 2.5
136 4 2.5
136 137 1.0
137 136 1.0
138 4 2.0
138 139 2.0
139 138 2.0
139 140 1.5
140 4 3.0
140 139 1.5
140 1 4.0
141 142 1.0
141 145 1.0
141 1 3.5
142 1 1.5
142 141 1.0
142 146 1.5
143 144 1.0
143 1 2.5
144 143 1.0
144 141 2.0
145 141 1.0
145 148 2.5
146 142 1.5
146 147 1.0
147 146 1.0
147 69 3.0
147 148 2.0
148 3 2.5
148 147 2.0
148 145 2.5
148 149 1.0
149 148 1.0
149 150 1.5
150 149 1.5
150 3 1.5
151 3 1.0
151 152 2.5
152 151 2.5
152 153 2.0
153 152 2.0
153 154 1.5
154 153 1.5
154 155 2.5
154 9 3.0
155 154 2.5
155 156 3.0
156 155 3.0
156 157 1.0
157 156 1.0
157 158 4.5
158 157 4.5
158 159 3.5
159 158 3.5
159 160 2.5
160 159 2.5
160 161 2.0
160 10 5.0
161 160 2.0
161 162 3.0
162 161 3.0
162 10 6.0
162 163 4.0
163 162 4.0
163 9 4.0
163 164 3.5
164 163 3.5
164 165 3.0
164 166 4.0
165 164 3.0
166 164 4.0
166 167 2.5
166 169 3.5
167 166 2.5
167 168 1.5
168 167 1.5
168 169 2.0
169 166 3.5
169 168 2.0
169 170 4.0
170 169 4.0
170 171 2.5
170 11 5.5
171 170 2.5
171 172 2.0
171 177 3.0
172 171 2.0
172 11 3.0
172 173 2.5
173 172 2.5
173 174 3.5
174 11 2.0
174 173 3.5
174 175 1.5
175 174 1.5
175 176 1.0
175 177 2.5
176 11 1.5
176 175 1.0
176 177 1.0
177 175 2.5
177 176 1.0
177 171 3.0
177 178 5.0
178 177 5.0
179 12 5.0
179 180 3.0
180 179 3.0
180 181 2.0
181 180 2.0
181 12 3.0
181 182 3.5
182 181 3.5
182 12 2.0
182 183 5.0
183 182 5.0
183 188 4.0
184 185 2.0
184 12 3.5
185 184 2.0
185 186 2.5
186 185 2.5
187 184 3.0
187 188 3.5
188 183 4.0
188 187 3.5
189 7 6.0
189 190 5.0
189 6 5.5
190 189 5.0
190 191 4.0
190 192 3.5
191 190 4.0
191 192 4.5
192 190 3.5
192 191 4.5
192 193 3.0
193 58 2.5
193 192 3.0
193 194 4.5
194 52 5.0
194 193 4.5
194 195 3.0
194 196 5.5
195 58 3.0
195 194 3.0
195 196 6.0
196 194 5.5
196 195 6.0
196 197 4.0
197 57 5.0
197 60 4.0
197 196 4.0
198 60 6.0
198 199 1.0
199 198 1.0