50
0 London
1 Paris
2 Berlin
3 Rome
4 Madrid
5 Vienna
6 Warsaw
7 Moscow
8 Athens
9 Lisbon
10 Brussels
11 Amsterdam
12 Copenhagen
13 Stockholm
14 Oslo
15 Dublin
16 Edinburgh
17 Prague
18 Budapest
19 Bucharest
20 Sofia
21 Belgrade
22 Zagreb
23 Ljubljana
24 Zurich
25 Munich
26 Frankfurt
27 Hamburg
28 Stuttgart
29 Milan
30 Venice
31 Florence
32 Naples
33 Palermo
34 Marseille
35 Lyon
36 Bordeaux
37 Toulouse
38 Barcelona
39 Valencia
40 Seville
41 Porto
42 Geneva
43 Krakow
44 Kiev
45 Minsk
46 Vilnius
47 Riga
48 Tallinn
49 Helsinki
120
0 1 2.0
0 10 1.5
0 11 2.0
0 15 2.5
0 16 1.0
1 10 1.0
1 34 2.0
1 35 1.0
1 36 2.0
1 4 5.0
2 11 2.0
2 27 1.0
2 25 2.0
2 17 1.5
2 6 3.0
3 31 1.0
3 32 1.0
3 29 2.0
3 5 4.0
4 38 2.0
4 39 1.5
4 40 1.0
4 9 2.0
5 17 1.0
5 18 1.0
5 25 1.5
5 23 2.0
5 30 2.0
6 17 1.5
6 43 1.0
6 45 2.5
6 46 2.0
7 44 3.0
7 45 2.0
7 46 3.5
8 20 2.0
8 32 3.0
8 33 3.5
9 41 1.0
9 40 2.5
10 11 1.0
10 26 2.0
10 1 1.0
11 27 2.5
11 12 3.0
12 13 2.0
12 27 2.0
13 14 2.0
13 48 2.5
13 49 1.5
14 13 2.0
14 12 3.0
15 16 2.0
15 0 2.5
16 0 1.0
17 25 1.5
17 2 1.5
17 5 1.0
17 6 1.5
18 5 1.0
18 19 2.5
18 21 2.0
19 20 1.5
19 44 3.0
19 18 2.5
20 21 1.0
20 8 2.0
20 19 1.5
21 18 2.0
21 22 1.5
21 20 1.0
22 23 1.0
22 21 1.5
22 29 2.5
23 30 1.5
23 22 1.0
23 5 2.0
24 25 1.5
24 35 2.0
24 42 1.0
24 29 2.0
25 26 1.0
25 28 1.0
25 24 1.5
25 2 2.0
25 5 1.5
26 27 1.5
26 25 1.0
26 28 1.0
26 10 2.0
27 12 2.0
27 2 1.0
27 26 1.5
27 11 2.5
28 26 1.0
28 25 1.0
28 24 1.5
29 30 1.0
29 31 1.0
29 24 2.0
29 3 2.0
29 22 2.5
30 29 1.0
30 5 2.0
30 23 1.5
31 29 1.0
31 3 1.0
31 32 1.5
32 31 1.5
32 3 1.0
32 33 1.5
32 8 3.0
33 32 1.5
33 8 3.5
34 35 1.0
34 37 1.5
34 1 2.0
35 42 1.0
35 24 2.0
35 34 1.0
35 1 1.0
36 37 1.0
36 1 2.0
37 38 1.5
37 34 1.5
37 36 1.0
38 39 1.0
38 4 2.0
38 37 1.5
39 40 1.0
39 4 1.5
39 38 1.0
40 41 1.5
40 4 1.0
40 9 2.5
40 39 1.0
41 9 1.0
41 40 1.5
42 24 1.0
42 35 1.0
43 6 1.0
43 18 2.0
44 7 3.0
44 19 3.0
44 45 2.0
45 7 2.0
45 6 2.5
45 46 1.0
45 44 2.0
46 45 1.0
46 47 1.0
46 6 2.0
46 7 3.5
47 48 1.0
47 46 1.0
48 49 1.0
48 13 2.5
48 47 1.0
49 13 1.5
49 48 1.0